10
Barcelona;0.0;621.0;350.0;995.0;312.0;868.0;589.0;615.0;515.0;859.0
Madrid;621.0;0.0;356.0;530.0;325.0;529.0;401.0;395.0;422.0;394.0
Valencia;350.0;356.0;0.0;654.0;311.0;619.0;241.0;610.0;166.0;520.0
Sevilla;995.0;530.0;654.0;0.0;849.0;206.0;493.0;923.0;619.0;140.0
Zaragoza;312.0;325.0;311.0;849.0;0.0;780.0;521.0;324.0;477.0;713.0
Malaga;868.0;529.0;619.0;206.0;780.0;0.0;412.0;922.0;520.0;158.0
Murcia;589.0;401.0;241.0;493.0;521.0;412.0;0.0;794.0;75.0;352.0
Bilbao;615.0;395.0;610.0;923.0;324.0;922.0;794.0;0.0;762.0;764.0
Alicante;515.0;422.0;166.0;619.0;477.0;520.0;75.0;762.0;0.0;432.0
Cordoba;859.0;394.0;520.0;140.0;713.0;158.0;352.0;764.0;432.0;0.0
