10
Barcelona;0;621;350;995;312;868;589;615;515;859
Madrid;621;0;356;530;325;529;401;395;422;394
Valencia;350;356;0;654;311;619;241;610;166;520
Sevilla;995;530;654;0;849;206;493;923;619;140
Zaragoza;312;325;311;849;0;780;521;324;477;713
Malaga;868;529;619;206;780;0;412;922;520;158
Murcia;589;401;241;493;521;412;0;794;75;352
Bilbao;615;395;610;923;324;922;794;0;762;764
Alicante;515;422;166;619;477;520;75;762;0;432
Cordoba;859;394;520;140;713;158;352;764;432;0 